111231
111230
111229
111228
111227
111226
111225
111224
111223
111222
111221
111220
111219
111218
111217
111216
111215
111214
111213
111212
111211
111210
111209
111208
111207
111206
111205
111204
111203
111202
111201
111131
111130
111129
111128
111127
111126
111125
111124
111123
111122
111121
111120
111119
111118
111117
111116
111115
111114
111113
111112
111111
111110
111109
111108
111107
111106
111105
111104
111103
111102
111101
111031
111030
111029
111028
111027
111026
111025
111024
111023
111022
111021
111020
111019
111018
111017
111016
111015
111014
111013
111012
111011
111010
111009
111008
111007
111006
111005
111004
111003
111002
111001
110931
110930
110929
110928
110927
110926
110925
110924
110923
110922
110921
110920
110919
110918
110917
110916
110915
110914
110913
110912
110911
110910
110909
110908
110907
110906
110905
110904
110903
110902
110901
110831
110830
110829
110828
110827
110826
110825
110824
110823
110822
110821
110820
110819
110818
110817
110816
110815
110814
110813
110812
110811
110810
110809
110808
110807
110806
110805
110804
110803
110802
110801
110731
110730
110729
110728
110727
110726
110725
110724
110723
110722
110721
110720
110719
110718
110717
110716
110715
110714
110713
110712
110711
110710
110709
110708
110707
110706
110705
110704
110703
110702
110701
110631
110630
110629
110628
110627
110626
110625
110624
110623
110622
110621
110620
110619
110618
110617
110616
110615
110614
110613
110612
110611
110610
110609
110608
110607
110606
110605
110604
110603
110602
110601
110531
110530
110529
110528
110527
110526
110525
110524
110523
110522
110521
110520
110519
110518
110517
110516
110515
110514
110513
110512
110511
110510
110509
110508
110507
110506
110505
110504
110503
110502
110501
110431
110430
110429
110428
110427
110426
110425
110424
110423
110422
110421
110420
110419
110418
110417
110416
110415
110414
110413
110412
110411
110410
110409
110408
110407
110406
110405
110404
110403
110402
110401
110331
110330
110329
110328
110327
110326
110325
110324
110323
110322
110321
110320
110319
110318
110317
110316
110315
110314
110313
110312
110311
110310
110309
110308
110307
110306
110305
110304
110303
110302
110301
110231
110230
110229
110228
110227
110226
110225
110224
110223
110222
110221
110220
110219
110218
110217
110216
110215
110214
110213
110212
110211
110210
110209
110208
110207
110206
110205
110204
110203
110202
110201
110131
110130
110129
110128
110127
110126
110125
110124
110123
110122
110121
110120
110119
110118
110117
110116
110115
110114
110113
110112
110111
110110
110109
110108
110107
110106
110105
110104
110103
110102
110101
