141231
141230
141229
141228
141227
141226
141225
141224
141223
141222
141221
141220
141219
141218
141217
141216
141215
141214
141213
141212
141211
141210
141209
141208
141207
141206
141205
141204
141203
141202
141201
141131
141130
141129
141128
141127
141126
141125
141124
141123
141122
141121
141120
141119
141118
141117
141116
141115
141114
141113
141112
141111
141110
141109
141108
141107
141106
141105
141104
141103
141102
141101
141031
141030
141029
141028
141027
141026
141025
141024
141023
141022
141021
141020
141019
141018
141017
141016
141015
141014
141013
141012
141011
141010
141009
141008
141007
141006
141005
141004
141003
141002
141001
140931
140930
140929
140928
140927
140926
140925
140924
140923
140922
140921
140920
140919
140918
140917
140916
140915
140914
140913
140912
140911
140910
140909
140908
140907
140906
140905
140904
140903
140902
140901
140831
140830
140829
140828
140827
140826
140825
140824
140823
140822
140821
140820
140819
140818
140817
140816
140815
140814
140813
140812
140811
140810
140809
140808
140807
140806
140805
140804
140803
140802
140801
140731
140730
140729
140728
140727
140726
140725
140724
140723
140722
140721
140720
140719
140718
140717
140716
140715
140714
140713
140712
140711
140710
140709
140708
140707
140706
140705
140704
140703
140702
140701
140631
140630
140629
140628
140627
140626
140625
140624
140623
140622
140621
140620
140619
140618
140617
140616
140615
140614
140613
140612
140611
140610
140609
140608
140607
140606
140605
140604
140603
140602
140601
140531
140530
140529
140528
140527
140526
140525
140524
140523
140522
140521
140520
140519
140518
140517
140516
140515
140514
140513
140512
140511
140510
140509
140508
140507
140506
140505
140504
140503
140502
140501
140431
140430
140429
140428
140427
140426
140425
140424
140423
140422
140421
140420
140419
140418
140417
140416
140415
140414
140413
140412
140411
140410
140409
140408
140407
140406
140405
140404
140403
140402
140401
140331
140330
140329
140328
140327
140326
140325
140324
140323
140322
140321
140320
140319
140318
140317
140316
140315
140314
140313
140312
140311
140310
140309
140308
140307
140306
140305
140304
140303
140302
140301
140231
140230
140229
140228
140227
140226
140225
140224
140223
140222
140221
140220
140219
140218
140217
140216
140215
140214
140213
140212
140211
140210
140209
140208
140207
140206
140205
140204
140203
140202
140201
140131
140130
140129
140128
140127
140126
140125
140124
140123
140122
140121
140120
140119
140118
140117
140116
140115
140114
140113
140112
140111
140110
140109
140108
140107
140106
140105
140104
140103
140102
140101
