221231
221230
221229
221228
221227
221226
221225
221224
221223
221222
221221
221220
221219
221218
221217
221216
221215
221214
221213
221212
221211
221210
221209
221208
221207
221206
221205
221204
221203
221202
221201
221131
221130
221129
221128
221127
221126
221125
221124
221123
221122
221121
221120
221119
221118
221117
221116
221115
221114
221113
221112
221111
221110
221109
221108
221107
221106
221105
221104
221103
221102
221101
221031
221030
221029
221028
221027
221026
221025
221024
221023
221022
221021
221020
221019
221018
221017
221016
221015
221014
221013
221012
221011
221010
221009
221008
221007
221006
221005
221004
221003
221002
221001
220931
220930
220929
220928
220927
220926
220925
220924
220923
220922
220921
220920
220919
220918
220917
220916
220915
220914
220913
220912
220911
220910
220909
220908
220907
220906
220905
220904
220903
220902
220901
220831
220830
220829
220828
220827
220826
220825
220824
220823
220822
220821
220820
220819
220818
220817
220816
220815
220814
220813
220812
220811
220810
220809
220808
220807
220806
220805
220804
220803
220802
220801
220731
220730
220729
220728
220727
220726
220725
220724
220723
220722
220721
220720
220719
220718
220717
220716
220715
220714
220713
220712
220711
220710
220709
220708
220707
220706
220705
220704
220703
220702
220701
220631
220630
220629
220628
220627
220626
220625
220624
220623
220622
220621
220620
220619
220618
220617
220616
220615
220614
220613
220612
220611
220610
220609
220608
220607
220606
220605
220604
220603
220602
220601
220531
220530
220529
220528
220527
220526
220525
220524
220523
220522
220521
220520
220519
220518
220517
220516
220515
220514
220513
220512
220511
220510
220509
220508
220507
220506
220505
220504
220503
220502
220501
220431
220430
220429
220428
220427
220426
220425
220424
220423
220422
220421
220420
220419
220418
220417
220416
220415
220414
220413
220412
220411
220410
220409
220408
220407
220406
220405
220404
220403
220402
220401
220331
220330
220329
220328
220327
220326
220325
220324
220323
220322
220321
220320
220319
220318
220317
220316
220315
220314
220313
220312
220311
220310
220309
220308
220307
220306
220305
220304
220303
220302
220301
220231
220230
220229
220228
220227
220226
220225
220224
220223
220222
220221
220220
220219
220218
220217
220216
220215
220214
220213
220212
220211
220210
220209
220208
220207
220206
220205
220204
220203
220202
220201
220131
220130
220129
220128
220127
220126
220125
220124
220123
220122
220121
220120
220119
220118
220117
220116
220115
220114
220113
220112
220111
220110
220109
220108
220107
220106
220105
220104
220103
220102
220101
