201231
201230
201229
201228
201227
201226
201225
201224
201223
201222
201221
201220
201219
201218
201217
201216
201215
201214
201213
201212
201211
201210
201209
201208
201207
201206
201205
201204
201203
201202
201201
201131
201130
201129
201128
201127
201126
201125
201124
201123
201122
201121
201120
201119
201118
201117
201116
201115
201114
201113
201112
201111
201110
201109
201108
201107
201106
201105
201104
201103
201102
201101
201031
201030
201029
201028
201027
201026
201025
201024
201023
201022
201021
201020
201019
201018
201017
201016
201015
201014
201013
201012
201011
201010
201009
201008
201007
201006
201005
201004
201003
201002
201001
200931
200930
200929
200928
200927
200926
200925
200924
200923
200922
200921
200920
200919
200918
200917
200916
200915
200914
200913
200912
200911
200910
200909
200908
200907
200906
200905
200904
200903
200902
200901
200831
200830
200829
200828
200827
200826
200825
200824
200823
200822
200821
200820
200819
200818
200817
200816
200815
200814
200813
200812
200811
200810
200809
200808
200807
200806
200805
200804
200803
200802
200801
200731
200730
200729
200728
200727
200726
200725
200724
200723
200722
200721
200720
200719
200718
200717
200716
200715
200714
200713
200712
200711
200710
200709
200708
200707
200706
200705
200704
200703
200702
200701
200631
200630
200629
200628
200627
200626
200625
200624
200623
200622
200621
200620
200619
200618
200617
200616
200615
200614
200613
200612
200611
200610
200609
200608
200607
200606
200605
200604
200603
200602
200601
200531
200530
200529
200528
200527
200526
200525
200524
200523
200522
200521
200520
200519
200518
200517
200516
200515
200514
200513
200512
200511
200510
200509
200508
200507
200506
200505
200504
200503
200502
200501
200431
200430
200429
200428
200427
200426
200425
200424
200423
200422
200421
200420
200419
200418
200417
200416
200415
200414
200413
200412
200411
200410
200409
200408
200407
200406
200405
200404
200403
200402
200401
200331
200330
200329
200328
200327
200326
200325
200324
200323
200322
200321
200320
200319
200318
200317
200316
200315
200314
200313
200312
200311
200310
200309
200308
200307
200306
200305
200304
200303
200302
200301
200231
200230
200229
200228
200227
200226
200225
200224
200223
200222
200221
200220
200219
200218
200217
200216
200215
200214
200213
200212
200211
200210
200209
200208
200207
200206
200205
200204
200203
200202
200201
200131
200130
200129
200128
200127
200126
200125
200124
200123
200122
200121
200120
200119
200118
200117
200116
200115
200114
200113
200112
200111
200110
200109
200108
200107
200106
200105
200104
200103
200102
200101
