191231
191230
191229
191228
191227
191226
191225
191224
191223
191222
191221
191220
191219
191218
191217
191216
191215
191214
191213
191212
191211
191210
191209
191208
191207
191206
191205
191204
191203
191202
191201
191131
191130
191129
191128
191127
191126
191125
191124
191123
191122
191121
191120
191119
191118
191117
191116
191115
191114
191113
191112
191111
191110
191109
191108
191107
191106
191105
191104
191103
191102
191101
191031
191030
191029
191028
191027
191026
191025
191024
191023
191022
191021
191020
191019
191018
191017
191016
191015
191014
191013
191012
191011
191010
191009
191008
191007
191006
191005
191004
191003
191002
191001
190931
190930
190929
190928
190927
190926
190925
190924
190923
190922
190921
190920
190919
190918
190917
190916
190915
190914
190913
190912
190911
190910
190909
190908
190907
190906
190905
190904
190903
190902
190901
190831
190830
190829
190828
190827
190826
190825
190824
190823
190822
190821
190820
190819
190818
190817
190816
190815
190814
190813
190812
190811
190810
190809
190808
190807
190806
190805
190804
190803
190802
190801
190731
190730
190729
190728
190727
190726
190725
190724
190723
190722
190721
190720
190719
190718
190717
190716
190715
190714
190713
190712
190711
190710
190709
190708
190707
190706
190705
190704
190703
190702
190701
190631
190630
190629
190628
190627
190626
190625
190624
190623
190622
190621
190620
190619
190618
190617
190616
190615
190614
190613
190612
190611
190610
190609
190608
190607
190606
190605
190604
190603
190602
190601
190531
190530
190529
190528
190527
190526
190525
190524
190523
190522
190521
190520
190519
190518
190517
190516
190515
190514
190513
190512
190511
190510
190509
190508
190507
190506
190505
190504
190503
190502
190501
190431
190430
190429
190428
190427
190426
190425
190424
190423
190422
190421
190420
190419
190418
190417
190416
190415
190414
190413
190412
190411
190410
190409
190408
190407
190406
190405
190404
190403
190402
190401
190331
190330
190329
190328
190327
190326
190325
190324
190323
190322
190321
190320
190319
190318
190317
190316
190315
190314
190313
190312
190311
190310
190309
190308
190307
190306
190305
190304
190303
190302
190301
190231
190230
190229
190228
190227
190226
190225
190224
190223
190222
190221
190220
190219
190218
190217
190216
190215
190214
190213
190212
190211
190210
190209
190208
190207
190206
190205
190204
190203
190202
190201
190131
190130
190129
190128
190127
190126
190125
190124
190123
190122
190121
190120
190119
190118
190117
190116
190115
190114
190113
190112
190111
190110
190109
190108
190107
190106
190105
190104
190103
190102
190101
