181231
181230
181229
181228
181227
181226
181225
181224
181223
181222
181221
181220
181219
181218
181217
181216
181215
181214
181213
181212
181211
181210
181209
181208
181207
181206
181205
181204
181203
181202
181201
181131
181130
181129
181128
181127
181126
181125
181124
181123
181122
181121
181120
181119
181118
181117
181116
181115
181114
181113
181112
181111
181110
181109
181108
181107
181106
181105
181104
181103
181102
181101
181031
181030
181029
181028
181027
181026
181025
181024
181023
181022
181021
181020
181019
181018
181017
181016
181015
181014
181013
181012
181011
181010
181009
181008
181007
181006
181005
181004
181003
181002
181001
180931
180930
180929
180928
180927
180926
180925
180924
180923
180922
180921
180920
180919
180918
180917
180916
180915
180914
180913
180912
180911
180910
180909
180908
180907
180906
180905
180904
180903
180902
180901
180831
180830
180829
180828
180827
180826
180825
180824
180823
180822
180821
180820
180819
180818
180817
180816
180815
180814
180813
180812
180811
180810
180809
180808
180807
180806
180805
180804
180803
180802
180801
180731
180730
180729
180728
180727
180726
180725
180724
180723
180722
180721
180720
180719
180718
180717
180716
180715
180714
180713
180712
180711
180710
180709
180708
180707
180706
180705
180704
180703
180702
180701
180631
180630
180629
180628
180627
180626
180625
180624
180623
180622
180621
180620
180619
180618
180617
180616
180615
180614
180613
180612
180611
180610
180609
180608
180607
180606
180605
180604
180603
180602
180601
180531
180530
180529
180528
180527
180526
180525
180524
180523
180522
180521
180520
180519
180518
180517
180516
180515
180514
180513
180512
180511
180510
180509
180508
180507
180506
180505
180504
180503
180502
180501
180431
180430
180429
180428
180427
180426
180425
180424
180423
180422
180421
180420
180419
180418
180417
180416
180415
180414
180413
180412
180411
180410
180409
180408
180407
180406
180405
180404
180403
180402
180401
180331
180330
180329
180328
180327
180326
180325
180324
180323
180322
180321
180320
180319
180318
180317
180316
180315
180314
180313
180312
180311
180310
180309
180308
180307
180306
180305
180304
180303
180302
180301
180231
180230
180229
180228
180227
180226
180225
180224
180223
180222
180221
180220
180219
180218
180217
180216
180215
180214
180213
180212
180211
180210
180209
180208
180207
180206
180205
180204
180203
180202
180201
180131
180130
180129
180128
180127
180126
180125
180124
180123
180122
180121
180120
180119
180118
180117
180116
180115
180114
180113
180112
180111
180110
180109
180108
180107
180106
180105
180104
180103
180102
180101
