151231
151230
151229
151228
151227
151226
151225
151224
151223
151222
151221
151220
151219
151218
151217
151216
151215
151214
151213
151212
151211
151210
151209
151208
151207
151206
151205
151204
151203
151202
151201
151131
151130
151129
151128
151127
151126
151125
151124
151123
151122
151121
151120
151119
151118
151117
151116
151115
151114
151113
151112
151111
151110
151109
151108
151107
151106
151105
151104
151103
151102
151101
151031
151030
151029
151028
151027
151026
151025
151024
151023
151022
151021
151020
151019
151018
151017
151016
151015
151014
151013
151012
151011
151010
151009
151008
151007
151006
151005
151004
151003
151002
151001
150931
150930
150929
150928
150927
150926
150925
150924
150923
150922
150921
150920
150919
150918
150917
150916
150915
150914
150913
150912
150911
150910
150909
150908
150907
150906
150905
150904
150903
150902
150901
150831
150830
150829
150828
150827
150826
150825
150824
150823
150822
150821
150820
150819
150818
150817
150816
150815
150814
150813
150812
150811
150810
150809
150808
150807
150806
150805
150804
150803
150802
150801
150731
150730
150729
150728
150727
150726
150725
150724
150723
150722
150721
150720
150719
150718
150717
150716
150715
150714
150713
150712
150711
150710
150709
150708
150707
150706
150705
150704
150703
150702
150701
150631
150630
150629
150628
150627
150626
150625
150624
150623
150622
150621
150620
150619
150618
150617
150616
150615
150614
150613
150612
150611
150610
150609
150608
150607
150606
150605
150604
150603
150602
150601
150531
150530
150529
150528
150527
150526
150525
150524
150523
150522
150521
150520
150519
150518
150517
150516
150515
150514
150513
150512
150511
150510
150509
150508
150507
150506
150505
150504
150503
150502
150501
150431
150430
150429
150428
150427
150426
150425
150424
150423
150422
150421
150420
150419
150418
150417
150416
150415
150414
150413
150412
150411
150410
150409
150408
150407
150406
150405
150404
150403
150402
150401
150331
150330
150329
150328
150327
150326
150325
150324
150323
150322
150321
150320
150319
150318
150317
150316
150315
150314
150313
150312
150311
150310
150309
150308
150307
150306
150305
150304
150303
150302
150301
150231
150230
150229
150228
150227
150226
150225
150224
150223
150222
150221
150220
150219
150218
150217
150216
150215
150214
150213
150212
150211
150210
150209
150208
150207
150206
150205
150204
150203
150202
150201
150131
150130
150129
150128
150127
150126
150125
150124
150123
150122
150121
150120
150119
150118
150117
150116
150115
150114
150113
150112
150111
150110
150109
150108
150107
150106
150105
150104
150103
150102
150101
