101231
101230
101229
101228
101227
101226
101225
101224
101223
101222
101221
101220
101219
101218
101217
101216
101215
101214
101213
101212
101211
101210
101209
101208
101207
101206
101205
101204
101203
101202
101201
101131
101130
101129
101128
101127
101126
101125
101124
101123
101122
101121
101120
101119
101118
101117
101116
101115
101114
101113
101112
101111
101110
101109
101108
101107
101106
101105
101104
101103
101102
101101
101031
101030
101029
101028
101027
101026
101025
101024
101023
101022
101021
101020
101019
101018
101017
101016
101015
101014
101013
101012
101011
101010
101009
101008
101007
101006
101005
101004
101003
101002
101001
100931
100930
100929
100928
100927
100926
100925
100924
100923
100922
100921
100920
100919
100918
100917
100916
100915
100914
100913
100912
100911
100910
100909
100908
100907
100906
100905
100904
100903
100902
100901
100831
100830
100829
100828
100827
100826
100825
100824
100823
100822
100821
100820
100819
100818
100817
100816
100815
100814
100813
100812
100811
100810
100809
100808
100807
100806
100805
100804
100803
100802
100801
100731
100730
100729
100728
100727
100726
100725
100724
100723
100722
100721
100720
100719
100718
100717
100716
100715
100714
100713
100712
100711
100710
100709
100708
100707
100706
100705
100704
100703
100702
100701
100631
100630
100629
100628
100627
100626
100625
100624
100623
100622
100621
100620
100619
100618
100617
100616
100615
100614
100613
100612
100611
100610
100609
100608
100607
100606
100605
100604
100603
100602
100601
100531
100530
100529
100528
100527
100526
100525
100524
100523
100522
100521
100520
100519
100518
100517
100516
100515
100514
100513
100512
100511
100510
100509
100508
100507
100506
100505
100504
100503
100502
100501
100431
100430
100429
100428
100427
100426
100425
100424
100423
100422
100421
100420
100419
100418
100417
100416
100415
100414
100413
100412
100411
100410
100409
100408
100407
100406
100405
100404
100403
100402
100401
100331
100330
100329
100328
100327
100326
100325
100324
100323
100322
100321
100320
100319
100318
100317
100316
100315
100314
100313
100312
100311
100310
100309
100308
100307
100306
100305
100304
100303
100302
100301
100231
100230
100229
100228
100227
100226
100225
100224
100223
100222
100221
100220
100219
100218
100217
100216
100215
100214
100213
100212
100211
100210
100209
100208
100207
100206
100205
100204
100203
100202
100201
100131
100130
100129
100128
100127
100126
100125
100124
100123
100122
100121
100120
100119
100118
100117
100116
100115
100114
100113
100112
100111
100110
100109
100108
100107
100106
100105
100104
100103
100102
100101
