131231
131230
131229
131228
131227
131226
131225
131224
131223
131222
131221
131220
131219
131218
131217
131216
131215
131214
131213
131212
131211
131210
131209
131208
131207
131206
131205
131204
131203
131202
131201
131131
131130
131129
131128
131127
131126
131125
131124
131123
131122
131121
131120
131119
131118
131117
131116
131115
131114
131113
131112
131111
131110
131109
131108
131107
131106
131105
131104
131103
131102
131101
131031
131030
131029
131028
131027
131026
131025
131024
131023
131022
131021
131020
131019
131018
131017
131016
131015
131014
131013
131012
131011
131010
131009
131008
131007
131006
131005
131004
131003
131002
131001
130931
130930
130929
130928
130927
130926
130925
130924
130923
130922
130921
130920
130919
130918
130917
130916
130915
130914
130913
130912
130911
130910
130909
130908
130907
130906
130905
130904
130903
130902
130901
130831
130830
130829
130828
130827
130826
130825
130824
130823
130822
130821
130820
130819
130818
130817
130816
130815
130814
130813
130812
130811
130810
130809
130808
130807
130806
130805
130804
130803
130802
130801
130731
130730
130729
130728
130727
130726
130725
130724
130723
130722
130721
130720
130719
130718
130717
130716
130715
130714
130713
130712
130711
130710
130709
130708
130707
130706
130705
130704
130703
130702
130701
130631
130630
130629
130628
130627
130626
130625
130624
130623
130622
130621
130620
130619
130618
130617
130616
130615
130614
130613
130612
130611
130610
130609
130608
130607
130606
130605
130604
130603
130602
130601
130531
130530
130529
130528
130527
130526
130525
130524
130523
130522
130521
130520
130519
130518
130517
130516
130515
130514
130513
130512
130511
130510
130509
130508
130507
130506
130505
130504
130503
130502
130501
130431
130430
130429
130428
130427
130426
130425
130424
130423
130422
130421
130420
130419
130418
130417
130416
130415
130414
130413
130412
130411
130410
130409
130408
130407
130406
130405
130404
130403
130402
130401
130331
130330
130329
130328
130327
130326
130325
130324
130323
130322
130321
130320
130319
130318
130317
130316
130315
130314
130313
130312
130311
130310
130309
130308
130307
130306
130305
130304
130303
130302
130301
130231
130230
130229
130228
130227
130226
130225
130224
130223
130222
130221
130220
130219
130218
130217
130216
130215
130214
130213
130212
130211
130210
130209
130208
130207
130206
130205
130204
130203
130202
130201
130131
130130
130129
130128
130127
130126
130125
130124
130123
130122
130121
130120
130119
130118
130117
130116
130115
130114
130113
130112
130111
130110
130109
130108
130107
130106
130105
130104
130103
130102
130101
