121231
121230
121229
121228
121227
121226
121225
121224
121223
121222
121221
121220
121219
121218
121217
121216
121215
121214
121213
121212
121211
121210
121209
121208
121207
121206
121205
121204
121203
121202
121201
121131
121130
121129
121128
121127
121126
121125
121124
121123
121122
121121
121120
121119
121118
121117
121116
121115
121114
121113
121112
121111
121110
121109
121108
121107
121106
121105
121104
121103
121102
121101
121031
121030
121029
121028
121027
121026
121025
121024
121023
121022
121021
121020
121019
121018
121017
121016
121015
121014
121013
121012
121011
121010
121009
121008
121007
121006
121005
121004
121003
121002
121001
120931
120930
120929
120928
120927
120926
120925
120924
120923
120922
120921
120920
120919
120918
120917
120916
120915
120914
120913
120912
120911
120910
120909
120908
120907
120906
120905
120904
120903
120902
120901
120831
120830
120829
120828
120827
120826
120825
120824
120823
120822
120821
120820
120819
120818
120817
120816
120815
120814
120813
120812
120811
120810
120809
120808
120807
120806
120805
120804
120803
120802
120801
120731
120730
120729
120728
120727
120726
120725
120724
120723
120722
120721
120720
120719
120718
120717
120716
120715
120714
120713
120712
120711
120710
120709
120708
120707
120706
120705
120704
120703
120702
120701
120631
120630
120629
120628
120627
120626
120625
120624
120623
120622
120621
120620
120619
120618
120617
120616
120615
120614
120613
120612
120611
120610
120609
120608
120607
120606
120605
120604
120603
120602
120601
120531
120530
120529
120528
120527
120526
120525
120524
120523
120522
120521
120520
120519
120518
120517
120516
120515
120514
120513
120512
120511
120510
120509
120508
120507
120506
120505
120504
120503
120502
120501
120431
120430
120429
120428
120427
120426
120425
120424
120423
120422
120421
120420
120419
120418
120417
120416
120415
120414
120413
120412
120411
120410
120409
120408
120407
120406
120405
120404
120403
120402
120401
120331
120330
120329
120328
120327
120326
120325
120324
120323
120322
120321
120320
120319
120318
120317
120316
120315
120314
120313
120312
120311
120310
120309
120308
120307
120306
120305
120304
120303
120302
120301
120231
120230
120229
120228
120227
120226
120225
120224
120223
120222
120221
120220
120219
120218
120217
120216
120215
120214
120213
120212
120211
120210
120209
120208
120207
120206
120205
120204
120203
120202
120201
120131
120130
120129
120128
120127
120126
120125
120124
120123
120122
120121
120120
120119
120118
120117
120116
120115
120114
120113
120112
120111
120110
120109
120108
120107
120106
120105
120104
120103
120102
120101
