161231
161230
161229
161228
161227
161226
161225
161224
161223
161222
161221
161220
161219
161218
161217
161216
161215
161214
161213
161212
161211
161210
161209
161208
161207
161206
161205
161204
161203
161202
161201
161131
161130
161129
161128
161127
161126
161125
161124
161123
161122
161121
161120
161119
161118
161117
161116
161115
161114
161113
161112
161111
161110
161109
161108
161107
161106
161105
161104
161103
161102
161101
161031
161030
161029
161028
161027
161026
161025
161024
161023
161022
161021
161020
161019
161018
161017
161016
161015
161014
161013
161012
161011
161010
161009
161008
161007
161006
161005
161004
161003
161002
161001
160931
160930
160929
160928
160927
160926
160925
160924
160923
160922
160921
160920
160919
160918
160917
160916
160915
160914
160913
160912
160911
160910
160909
160908
160907
160906
160905
160904
160903
160902
160901
160831
160830
160829
160828
160827
160826
160825
160824
160823
160822
160821
160820
160819
160818
160817
160816
160815
160814
160813
160812
160811
160810
160809
160808
160807
160806
160805
160804
160803
160802
160801
160731
160730
160729
160728
160727
160726
160725
160724
160723
160722
160721
160720
160719
160718
160717
160716
160715
160714
160713
160712
160711
160710
160709
160708
160707
160706
160705
160704
160703
160702
160701
160631
160630
160629
160628
160627
160626
160625
160624
160623
160622
160621
160620
160619
160618
160617
160616
160615
160614
160613
160612
160611
160610
160609
160608
160607
160606
160605
160604
160603
160602
160601
160531
160530
160529
160528
160527
160526
160525
160524
160523
160522
160521
160520
160519
160518
160517
160516
160515
160514
160513
160512
160511
160510
160509
160508
160507
160506
160505
160504
160503
160502
160501
160431
160430
160429
160428
160427
160426
160425
160424
160423
160422
160421
160420
160419
160418
160417
160416
160415
160414
160413
160412
160411
160410
160409
160408
160407
160406
160405
160404
160403
160402
160401
160331
160330
160329
160328
160327
160326
160325
160324
160323
160322
160321
160320
160319
160318
160317
160316
160315
160314
160313
160312
160311
160310
160309
160308
160307
160306
160305
160304
160303
160302
160301
160231
160230
160229
160228
160227
160226
160225
160224
160223
160222
160221
160220
160219
160218
160217
160216
160215
160214
160213
160212
160211
160210
160209
160208
160207
160206
160205
160204
160203
160202
160201
160131
160130
160129
160128
160127
160126
160125
160124
160123
160122
160121
160120
160119
160118
160117
160116
160115
160114
160113
160112
160111
160110
160109
160108
160107
160106
160105
160104
160103
160102
160101
