171231
171230
171229
171228
171227
171226
171225
171224
171223
171222
171221
171220
171219
171218
171217
171216
171215
171214
171213
171212
171211
171210
171209
171208
171207
171206
171205
171204
171203
171202
171201
171131
171130
171129
171128
171127
171126
171125
171124
171123
171122
171121
171120
171119
171118
171117
171116
171115
171114
171113
171112
171111
171110
171109
171108
171107
171106
171105
171104
171103
171102
171101
171031
171030
171029
171028
171027
171026
171025
171024
171023
171022
171021
171020
171019
171018
171017
171016
171015
171014
171013
171012
171011
171010
171009
171008
171007
171006
171005
171004
171003
171002
171001
170931
170930
170929
170928
170927
170926
170925
170924
170923
170922
170921
170920
170919
170918
170917
170916
170915
170914
170913
170912
170911
170910
170909
170908
170907
170906
170905
170904
170903
170902
170901
170831
170830
170829
170828
170827
170826
170825
170824
170823
170822
170821
170820
170819
170818
170817
170816
170815
170814
170813
170812
170811
170810
170809
170808
170807
170806
170805
170804
170803
170802
170801
170731
170730
170729
170728
170727
170726
170725
170724
170723
170722
170721
170720
170719
170718
170717
170716
170715
170714
170713
170712
170711
170710
170709
170708
170707
170706
170705
170704
170703
170702
170701
170631
170630
170629
170628
170627
170626
170625
170624
170623
170622
170621
170620
170619
170618
170617
170616
170615
170614
170613
170612
170611
170610
170609
170608
170607
170606
170605
170604
170603
170602
170601
170531
170530
170529
170528
170527
170526
170525
170524
170523
170522
170521
170520
170519
170518
170517
170516
170515
170514
170513
170512
170511
170510
170509
170508
170507
170506
170505
170504
170503
170502
170501
170431
170430
170429
170428
170427
170426
170425
170424
170423
170422
170421
170420
170419
170418
170417
170416
170415
170414
170413
170412
170411
170410
170409
170408
170407
170406
170405
170404
170403
170402
170401
170331
170330
170329
170328
170327
170326
170325
170324
170323
170322
170321
170320
170319
170318
170317
170316
170315
170314
170313
170312
170311
170310
170309
170308
170307
170306
170305
170304
170303
170302
170301
170231
170230
170229
170228
170227
170226
170225
170224
170223
170222
170221
170220
170219
170218
170217
170216
170215
170214
170213
170212
170211
170210
170209
170208
170207
170206
170205
170204
170203
170202
170201
170131
170130
170129
170128
170127
170126
170125
170124
170123
170122
170121
170120
170119
170118
170117
170116
170115
170114
170113
170112
170111
170110
170109
170108
170107
170106
170105
170104
170103
170102
170101
